每幅图像的标定误差：
第1幅图像的平均误差：0.0598075像素
第2幅图像的平均误差：0.0858265像素
总体平均误差：0.072817像素

相机内参数矩阵：
[1653.745407663183, 0, 912.0607793216836;
 0, 1617.991606503051, 723.6608894869768;
 0, 0, 1]

畸变系数：
[-0.00432262494540506, 3.706533889658784, 0.00994766736720135, -0.01349361169628482, -17.65676786147806]


第1幅图像的旋转向量：
[-11.47547952006781;
 -28.20903921321281;
 112.0766306737611]
第1幅图像的旋转矩阵：
[-0.02952386736189494, 0.9220434651842966, -0.3859587925762696;
 0.93198102171164, 0.1649624417587418, 0.32279833949127;
 0.3613028043419048, -0.3501760144840425, -0.8641973399951812]
第1幅图像的平移向量：
[-11.47547952006781;
 -28.20903921321281;
 112.0766306737611]

第2幅图像的旋转向量：
[3.064942018741325;
 -46.56340794457316;
 153.4250793839369]
第2幅图像的旋转矩阵：
[-0.08388233809724588, 0.9961428271726628, 0.02575308190865594;
 0.9778547226519986, 0.07731448708410626, 0.1944803626953243;
 0.1917391320062825, 0.04149624030410717, -0.9805682879321058]
第2幅图像的平移向量：
[3.064942018741325;
 -46.56340794457316;
 153.4250793839369]


